phi = [0.158657272968; 0.29220421025; 0.397454836589; 0.483171569668; 0.554042103859; 0.613079613339; 0.662460313173; 0.703884288335; 0.738742254488; 0.768185777405; 0.793154112891; 0.814396674824; 0.832504785178; 0.847948214116; 0.86110834744; 0.872303476518; 0.881805823426; 0.889852081409; 0.896649702196; 0.902380760301; 0.907204610479; 0.911260028709; 0.914667169604; 0.917529465084; 0.919935485145; 0.921960739619; 0.923669390609; 0.925115850599; 0.926346251289; 0.927399778304; 0.928309875091; 0.929105325353; 0.92981122734; 0.930449875862; 0.931041569365; 0.93160536033; 0.932159767915; 0.932723472366; 0.933316011559; 0.933958501149; 0.934674401357; 0.935490355492; 0.936437127915; 0.937550672422; 0.9388733658; 0.940455445702; 0.942356696638; 0.944648432551; 0.947415828384; 0.950760655156; 0.954804471374; 0.959692314925; 0.965596918825; 0.972723433029; 0.981314560034; 0.991655884259; 1.00408096406; 1.01897541746; 1.03677870993; 1.05798157505; 1.08311590735; 1.11273256628; 1.14736102364; 1.1874438193; 1.23323984074; 1.28469621445; 1.34130283031; 1.4019686796; 1.46498974856; 1.52818951759; 1.58925901114; 1.64618160836; 1.69751517468; 1.74244786141; 1.78069084275; 1.81230852322; 1.83755677703; 1.85675930144; 1.87022539148; 1.8782008106; 1.88084123138; 0.29220421025; 0.548402678066; 0.754575347209; 0.923707824545; 1.0639777411; 1.18099417128; 1.2789302188; 1.36110352328; 1.43026110167; 1.48869324136; 1.53826768955; 1.5804677737; 1.61645816336; 1.64716205004; 1.67332975105; 1.69558949571; 1.71448059404; 1.73047340724; 1.74398101032; 1.75536631464; 1.76494703887; 1.77299982566; 1.77976409497; 1.78544583198; 1.79022132007; 1.79424076044; 1.79763171032; 1.80050228746; 1.80294411097; 1.80503496973; 1.80684122612; 1.80841997479; 1.80982098378; 1.81108845028; 1.81226260611; 1.81338120943; 1.81448096056; 1.81559888104; 1.81677369627; 1.81804726466; 1.81946609908; 1.82108303038; 1.82295906842; 1.82516552185; 1.82778644639; 1.8309214993; 1.83468928804; 1.83923131014; 1.84471659027; 1.85134712536; 1.85936424687; 1.86905599481; 1.88076556016; 1.894900777; 1.9119445063; 1.93246551287; 1.95712903641; 1.98670561086; 2.02207567535; 2.06422599471; 2.11423172064; 2.17321502242; 2.24226787923; 2.32232395153; 2.41396519754; 2.5171585823; 2.6309454632; 2.75315933387; 2.88032106995; 3.00790652481; 3.13108419348; 3.24567876502; 3.34877735286; 3.43880948695; 3.51528226825; 3.57840541815; 3.62875263573; 3.66701258943; 3.69382858792; 3.70970556014; 3.71496117249; 0.397454836589; 0.754575347209; 1.04889062495; 1.29343034798; 1.49763084241; 1.66857010597; 1.81184179763; 1.93209958773; 2.03333564857; 2.11894708993; 2.1916938978; 2.25372903466; 2.30671450252; 2.35195923346; 2.39053244049; 2.42333975041; 2.45116813003; 2.47471041615; 2.49457859771; 2.51131181475; 2.52538235098; 2.53720113901; 2.54712331566; 2.55545389232; 2.56245342247; 2.56834351064; 2.57331203225; 2.57751797757; 2.58109587631; 2.58415979463; 2.58680692149; 2.58912077837; 2.59117409705; 2.59303141586; 2.59475144845; 2.59638928049; 2.59799845113; 2.59963297743; 2.60134938181; 2.60320878581; 2.60527913769; 2.60763764765; 2.61037351191; 2.61359101696; 2.61741312664; 2.62198566861; 2.62748225154; 2.6341100606; 2.64211669357; 2.65179821233; 2.66350858795; 2.67767070722; 2.69478906914; 2.71546421478; 2.74040876802; 2.7704646702; 2.80662068628; 2.85002842362; 2.90201375247; 2.96407839194; 3.03788319254; 3.12519996048; 3.22781240043; 3.34733960869; 3.48495048653; 3.64094242014; 3.81418953582; 4.00155242441; 4.19750578665; 4.3944356733; 4.58401967867; 4.75931340586; 4.91585031746; 5.05156459983; 5.16613373888; 5.26025162451; 5.33505936124; 5.39177160498; 5.43145933999; 5.45493604749; 5.46270409734; 0.483171569668; 0.923707824545; 1.29343034798; 1.60418553031; 1.86544280536; 2.08488218258; 2.2689791197; 2.42344948093; 2.55346815044; 2.66358451892; 2.75742347079; 2.83769369345; 2.90641829285; 2.96517989971; 3.01529155915; 3.05789227473; 3.09399292714; 3.12449623944; 3.1502057275; 3.17183130662; 3.18999479261; 3.20523626366; 3.21802125818; 3.22874845131; 3.23775741817; 3.24533616838; 3.25172823949; 3.25713922859; 3.26174271357; 3.26568556557; 3.26909268749; 3.27207123343; 3.27471437527; 3.27710468826; 3.27931722984; 3.28142238669; 3.28348856585; 3.28558480637; 3.28778339035; 3.29016253576; 3.29280925889; 3.29582250213; 3.29931663285; 3.30342543219; 3.30830670833; 3.31414768746; 3.32117135718; 3.32964396064; 3.33988386424; 3.35227204482; 3.3672644596; 3.38540656721; 3.40735024803; 3.43387330813; 3.46590161041; 3.50453360616; 3.55106655299; 3.60702285979; 3.67417356442; 3.75455355566; 3.85045921536; 3.96441281151; 4.09906806078; 4.25701669787; 4.44043705425; 4.65050898019; 4.88652852544; 5.14475260343; 5.41730699056; 5.69210014812; 5.95522400256; 6.19585829097; 6.40805550237; 6.58990984056; 6.74199574871; 6.86606116632; 6.96418940503; 7.03833954338; 7.09012514158; 7.12072265349; 7.13084154509; 0.554042103859; 1.0639777411; 1.49763084241; 1.86544280536; 2.17633810886; 2.43802158135; 2.65741199664; 2.84107451519; 2.99545642133; 3.12656294883; 3.23887919623; 3.33544166892; 3.41839149371; 3.48941569291; 3.54997691278; 3.60140275399; 3.64490905667; 3.68160038246; 3.71246697109; 3.73838472187; 3.76011924271; 3.77833309962; 3.79359502153; 3.80638998288; 3.81712938533; 3.82616083829; 3.83377725325; 3.8402251185; 3.84571192117; 3.85041274574; 3.85447611447; 3.85802915459; 3.86118218563; 3.8640328235; 3.86666969727; 3.86917587389; 3.87163208491; 3.87411984923; 3.87672458795; 3.87953883108; 3.88266562197; 3.88622223497; 3.89034433387; 3.89519071462; 3.90094879614; 3.90784104646; 3.9161325603; 3.92614003662; 3.93824244074; 3.95289367437; 3.97063761459; 3.99212591552; 4.01813898505; 4.04961053883; 4.08765607068; 4.13360541944; 4.18903928435; 4.25582891667; 4.33617706653; 4.43265618013; 4.54823606849; 4.6862864152; 4.8505270274; 5.04487628569; 5.27310920401; 5.53817459487; 5.84094506761; 6.17816212839; 6.53968095615; 6.90651958367; 7.25426605024; 7.56642848689; 7.83640350729; 8.0640049025; 8.2520113869; 8.40406481704; 8.5236523957; 8.61370086463; 8.67645955862; 8.71349896032; 8.72574224673; 0.613079613339; 1.18099417128; 1.66857010597; 2.08488218258; 2.43802158135; 2.73529205878; 2.98363018216; 3.19022123619; 3.3631155271; 3.51085822156; 3.6387275753; 3.74953773366; 3.8451087113; 3.92700388071; 3.99674762148; 4.05583417393; 4.10568507144; 4.14761086219; 4.18278951848; 4.21225975058; 4.23692447455; 4.25756020193; 4.27482933838; 4.28929346085; 4.30142642839; 4.31162670347; 4.32022858969; 4.32751229097; 4.33371281264; 4.3390277871; 4.34362433733; 4.34764510336; 4.35121355864; 4.35443874042; 4.35741951323; 4.36024848064; 4.36301565646; 4.36581200597; 4.36873296793; 4.37188207213; 4.37537477417; 4.37934263898; 4.38393801922; 4.38933939333; 4.39575755169; 4.40344284843; 4.41269377227; 4.42386713163; 4.4373901987; 4.45377521374; 4.47363671441; 4.49771222358; 4.52688690093; 4.56222283256; 4.60499368899; 4.65672550765; 4.71924431449; 4.79473112284; 4.8857843953; 4.99548903292; 5.12748873087; 5.2860536992; 5.47612509695; 5.70329380049; 5.97361810825; 6.29306874038; 6.66615063936; 7.09284188205; 7.5626677548; 8.04632978045; 8.49553767572; 8.8861431115; 9.2143515319; 9.4851483766; 9.70562118203; 9.88232715115; 10.0205666654; 10.1243539973; 10.1965779468; 10.2391730471; 10.2532487891; 0.662460313173; 1.2789302188; 1.81184179763; 2.2689791197; 2.65741199664; 2.98363018216; 3.25397906704; 3.47565494136; 3.6586893446; 3.81793769299; 3.95867387702; 4.08202251651; 4.18874684543; 4.28007050055; 4.35757226558; 4.42295708234; 4.47789187727; 4.52391608633; 4.56240327846; 4.59455254587; 4.62139562586; 4.64381145347; 4.66254349629; 4.67821738449; 4.69135758707; 4.70240258031; 4.71171833498; 4.71961014973; 4.7263329574; 4.73210027241; 4.73709195906; 4.74146099636; 4.74533940479; 4.74884348833; 4.75207853411; 4.75514310343; 4.75813304117; 4.76114532777; 4.76428189722; 4.76765354777; 4.77138407888; 4.77561479885; 4.78050956315; 4.78626052464; 4.79309480347; 